0 14 0 8 0 0 0 3 0 9 0 2 0 13 15 0
3 5 4 0 16 11 0 0 14 7 0 0 0 8 0 0
0 12 6 11 0 0 4 0 16 0 0 3 0 2 14 7
15 0 0 9 6 0 10 14 0 12 0 5 0 0 0 4
0 0 0 0 0 8 0 0 13 0 9 0 3 0 0 12
0 1 14 0 12 0 0 9 0 0 8 0 0 6 0 11
0 8 2 3 4 10 13 11 12 0 14 0 0 5 0 0
4 0 0 0 0 0 0 1 0 0 2 0 0 14 0 8
0 3 11 0 0 5 0 0 6 14 15 12 0 0 8 9
0 0 1 16 8 0 0 6 0 0 4 0 0 0 0 0
0 0 8 0 0 3 11 7 0 5 0 0 14 0 4 0
0 0 5 10 15 16 0 0 1 3 0 8 6 0 0 0
0 2 0 0 0 0 8 12 0 0 0 1 15 0 7 14
0 11 0 0 9 15 2 16 0 0 0 4 10 3 1 13
0 0 13 15 0 4 0 0 0 0 3 0 8 12 6 5
8 0 0 0 3 14 0 0 15 0 12 0 2 0 11 0
